183.4 99.4
182.6 98.5
192.1 110.2
187.3 104.6
159.5 70.3
166.1 78.1
171.7 84.0
196.6 115.3
184.0 100.5
172.2 85.3
156.8 67.6
159.1 70.0
200.0 121.1
155.5 66.6
194.6 113.4
172.6 84.6
151.3 60.1
189.5 106.3
167.4 79.3
173.6 86.2
208.2 132.8
190.4 108.0
160.4 71.0
156.0 66.2
153.3 63.2
162.0 73.4
189.0 106.2
191.0 110.7
192.3 110.5
182.5 97.8
194.5 113.5
190.0 108.0
175.5 89.3
160.6 71.5
183.4 99.3
170.7 83.5
179.8 94.0
171.1 84.8
195.1 114.1
165.5 77.0
164.1 76.3
209.2 133.4
180.4 95.2
152.5 62.1
181.0 96.6
152.8 62.8
150.7 60.7
166.5 77.5
172.8 85.4
165.3 77.0
150.2 60.3
179.6 94.8
153.3 63.3
165.5 77.0
155.0 66.0
202.6 124.2
172.0 85.4
185.6 101.2
183.3 99.5
207.4 131.3
187.7 104.5
189.5 106.7
154.3 64.8
152.7 62.0
188.3 105.5
175.0 89.6
193.6 111.4
189.6 106.7
181.5 96.3
174.0 87.1
202.5 124.5
189.0 106.8
204.8 126.6
151.8 61.2
159.0 70.3
209.2 133.2
159.8 70.0
158.2 69.6
185.6 101.8
151.4 60.3
161.4 72.4
173.5 86.4
168.0 81.0
176.4 90.4
181.7 96.8
164.5 76.0
187.5 104.3
159.6 70.1
154.4 64.5
191.7 109.6
207.0 132.5
204.0 126.8
198.3 118.6
197.6 117.6
188.1 105.8
184.0 100.6
205.7 127.5
178.5 92.1
173.8 87.4
155.8 66.8
168.2 80.3
171.3 84.0
194.7 113.2
208.6 132.5
173.2 86.0
171.2 84.1
185.0 101.7
151.2 61.8
156.3 66.6
156.1 66.2
192.2 111.6
163.2 75.7
150.7 60.7
182.1 98.8
196.6 116.5
164.2 76.8
170.5 83.8
187.4 104.6
181.1 96.0
173.1 86.1
198.0 118.1
183.4 99.1
185.6 101.8
200.6 121.8
176.2 90.6
208.7 132.2
201.3 122.6
156.6 67.4
172.0 85.4
184.1 100.8
154.0 64.7
191.8 110.6
194.7 113.2
179.4 94.0
192.3 110.5
200.6 121.3
189.4 106.0
170.1 83.1
153.2 63.1
159.1 70.8
189.0 106.2
185.5 101.8
153.6 63.8
208.5 132.8
208.2 132.8
194.5 113.5
203.7 126.1
165.1 77.1
151.2 60.6
174.2 87.3
163.3 75.5
167.5 80.6
206.0 130.3
150.6 60.2
167.4 79.4
194.1 113.7
195.3 115.2
203.8 126.6
182.2 97.8
174.8 88.7
180.6 95.5
178.7 93.3
189.8 106.0
181.5 96.3
151.8 61.0
151.7 61.4
179.8 94.6
181.5 96.4
200.5 121.7
206.8 129.3
184.2 100.2
150.4 60.6
183.7 99.7
171.2 84.5
194.2 113.3
162.8 73.2
180.7 95.4
186.6 102.7
202.6 123.1
192.6 110.8
154.7 64.3
185.3 101.4
155.6 66.5
208.8 132.5
171.6 84.3
196.0 116.3
194.0 113.5
193.5 112.3
162.0 73.1
207.5 131.1
154.7 64.0
195.1 114.5
197.0 117.5
189.6 106.4
189.8 106.6
160.6 71.4
206.1 130.0
182.4 98.8
207.7 131.0
206.0 130.1
164.7 76.5
172.7 85.7
175.2 89.5
154.2 64.2
199.7 120.2
163.6 74.5
194.5 113.5
185.0 101.7
166.2 77.7
155.3 65.0
164.8 76.4
159.5 70.8
151.5 61.5
200.2 121.0
169.0 81.6
204.5 127.0
173.1 86.3
190.2 108.2
160.1 70.2
165.2 76.4
166.2 78.4
195.5 115.6
169.8 81.1
202.7 124.4
202.8 123.6
199.5 120.0
162.5 73.8
204.2 126.3
191.8 110.8
183.1 99.5
165.2 77.2
207.1 131.1
189.6 106.5
205.4 127.2
177.3 91.7
192.6 111.8
160.4 71.8
150.7 60.3
158.8 69.8
157.8 67.4
152.7 62.7
159.0 70.3
177.0 91.4
157.4 67.1
193.0 111.7
204.3 127.1
193.0 111.6
207.1 131.8
169.2 81.3
195.8 114.2
197.6 117.5
166.0 77.1
172.8 85.5
192.4 110.6
190.0 107.7
178.4 92.8
152.8 63.6
182.7 98.4
162.2 73.6
209.1 133.1
150.1 60.2
200.1 121.4
203.3 126.4
192.8 110.7
199.6 120.7
167.0 79.4
180.8 95.6
156.7 67.2
172.6 85.7
186.3 103.3
194.0 113.6
172.0 85.2
181.3 96.3
152.2 62.3
162.8 74.6
157.6 67.5
167.2 80.7
162.1 73.3
159.3 70.5
207.6 131.4
156.6 66.6
165.0 76.2
184.6 100.8
206.8 130.2
196.7 115.4
209.7 133.3
185.2 101.6
207.1 131.3
164.1 76.8
209.1 133.0
189.1 106.5
187.7 104.8
198.0 118.4
159.2 70.1
156.5 67.3
161.7 73.0
165.0 77.8
195.6 115.2
167.6 80.7
175.4 89.3
173.3 87.0
186.5 103.3
185.7 101.3
192.2 110.4
150.6 60.6
174.2 88.4
194.3 113.6
169.2 81.1
179.7 94.0
182.1 98.2
160.6 71.7
200.5 121.3
173.6 86.6
164.2 76.3
203.0 126.7
195.5 115.2
165.3 76.7
206.5 130.1
206.0 129.4
200.1 121.6
191.2 110.6
183.3 99.7
201.1 122.2
172.6 85.3
206.6 130.5
156.4 66.6
184.6 99.2
172.5 85.4
205.3 128.1
151.6 60.0
202.0 124.7
182.4 98.8
204.0 127.8
193.0 111.5
183.1 99.1
179.1 94.2
189.7 106.3
202.8 124.0
205.4 128.7
171.1 84.3
165.0 76.8
165.5 77.3
178.2 92.8
192.5 110.1
198.1 119.0
199.6 120.7
164.7 76.0
183.5 99.3
165.1 77.4
171.7 84.2
206.2 130.0
168.2 80.5
199.4 120.1
177.7 91.2
193.2 112.5
200.0 121.5
195.8 114.2
162.0 73.1
195.2 115.1
204.5 127.0
200.3 121.7
171.4 84.0
174.3 87.2
178.4 92.7
190.7 107.4
187.7 104.0
206.8 129.8
189.1 106.0
190.5 108.0
174.8 87.1
155.0 66.3
172.8 85.4
151.0 60.0
184.7 100.4
184.0 100.4
176.1 90.0
155.7 66.6
159.7 70.3
184.4 99.2
157.1 68.1
201.5 122.0
150.4 60.6
156.7 67.0
184.6 100.8
154.1 64.8
183.4 99.1
193.1 111.4
177.0 91.0
209.8 133.0
193.0 111.3
194.4 113.0
177.6 91.2
156.3 67.6
150.1 60.2
180.0 95.7
203.4 126.3
201.8 122.7
150.4 60.0
151.7 61.1
160.6 71.8
202.3 124.7
185.2 101.0
202.8 124.8
201.8 122.3
165.6 77.7
183.3 99.4
167.1 79.7
164.6 76.4
202.2 124.1
167.3 79.0
195.7 114.3
185.8 101.3
188.4 105.1
187.2 104.2
153.8 63.8
200.1 121.7
165.3 76.0
199.8 120.5
173.7 87.5
156.3 66.3
204.7 126.7
178.5 93.2
189.3 106.8
207.1 131.0
189.1 106.8
188.6 105.6
165.6 77.5
150.1 60.0
154.8 64.7
191.5 109.7
185.5 101.5
155.4 66.6
157.6 67.5
173.1 86.1
165.7 76.0
166.6 78.6
157.6 67.8
165.1 76.0
169.7 81.5
180.8 95.5
166.8 78.2
179.1 94.8
184.2 100.4
192.0 110.6
207.7 132.8
158.5 69.8
199.0 120.5
179.6 94.2
207.3 131.7
190.4 107.7
188.6 105.8
151.1 61.0
186.1 102.0
205.8 127.7
166.4 78.0
173.1 87.2
205.7 127.8
204.7 127.3
161.4 72.4
186.4 103.2
167.4 80.4
167.3 79.8
159.3 70.7
161.5 72.1
192.2 110.8
189.6 106.0
178.1 92.1
165.7 76.8
172.0 85.0
196.6 116.2
192.4 110.2
209.2 133.6
180.7 95.3
203.0 126.0
199.6 120.3
174.6 88.7
204.3 126.2
207.3 131.2
209.5 133.2
181.6 96.3
199.3 120.7
196.5 116.4
152.3 62.1
174.1 87.6
153.1 63.8
183.3 99.4
179.6 94.1
162.6 73.2
156.2 66.5
201.1 122.0
171.6 84.4
162.3 74.7
153.1 63.7
192.5 110.7
162.7 73.5
209.2 133.7
169.3 81.3
173.7 86.6
209.6 133.6
168.3 80.5
